{
 "cells": [
  {
   "cell_type": "markdown",
   "metadata": {},
   "source": [
    "# Load Parameters"
   ]
  },
  {
   "cell_type": "code",
   "execution_count": 13,
   "metadata": {},
   "outputs": [
    {
     "data": {
      "text/plain": [
       "[0, 5, 13, 26, 29, 30, 38, 46, 47, 50, 51, 0]"
      ]
     },
     "execution_count": 13,
     "metadata": {},
     "output_type": "execute_result"
    }
   ],
   "source": [
    "import pandas as pd\n",
    "\n",
    "with pd.ExcelFile(\"Clustered_dist_matrix.xlsx\", engine='openpyxl') as reader:\n",
    "    cluster0 = pd.read_excel(reader, sheet_name='Cluster 0',header=None)\n",
    " \n",
    "# 記錄站點名稱\n",
    "name_list = [0]\n",
    "for i in range(1,cluster0[0].size):\n",
    "    name_list.append(int(cluster0[0][i]))\n",
    "name_list.append(0)\n",
    "name_list"
   ]
  },
  {
   "cell_type": "code",
   "execution_count": 14,
   "metadata": {},
   "outputs": [
    {
     "data": {
      "text/html": [
       "<div>\n",
       "<style scoped>\n",
       "    .dataframe tbody tr th:only-of-type {\n",
       "        vertical-align: middle;\n",
       "    }\n",
       "\n",
       "    .dataframe tbody tr th {\n",
       "        vertical-align: top;\n",
       "    }\n",
       "\n",
       "    .dataframe thead th {\n",
       "        text-align: right;\n",
       "    }\n",
       "</style>\n",
       "<table border=\"1\" class=\"dataframe\">\n",
       "  <thead>\n",
       "    <tr style=\"text-align: right;\">\n",
       "      <th></th>\n",
       "      <th>1</th>\n",
       "      <th>2</th>\n",
       "      <th>3</th>\n",
       "      <th>4</th>\n",
       "      <th>5</th>\n",
       "      <th>6</th>\n",
       "      <th>7</th>\n",
       "      <th>8</th>\n",
       "      <th>9</th>\n",
       "      <th>10</th>\n",
       "    </tr>\n",
       "  </thead>\n",
       "  <tbody>\n",
       "    <tr>\n",
       "      <th>1</th>\n",
       "      <td>0.000000</td>\n",
       "      <td>0.308852</td>\n",
       "      <td>0.136867</td>\n",
       "      <td>0.530160</td>\n",
       "      <td>0.459321</td>\n",
       "      <td>0.400848</td>\n",
       "      <td>0.296668</td>\n",
       "      <td>0.319606</td>\n",
       "      <td>0.349083</td>\n",
       "      <td>0.299253</td>\n",
       "    </tr>\n",
       "    <tr>\n",
       "      <th>2</th>\n",
       "      <td>0.308852</td>\n",
       "      <td>0.000000</td>\n",
       "      <td>0.213276</td>\n",
       "      <td>0.497522</td>\n",
       "      <td>0.419581</td>\n",
       "      <td>0.344904</td>\n",
       "      <td>0.320447</td>\n",
       "      <td>0.268010</td>\n",
       "      <td>0.432388</td>\n",
       "      <td>0.194803</td>\n",
       "    </tr>\n",
       "    <tr>\n",
       "      <th>3</th>\n",
       "      <td>0.136867</td>\n",
       "      <td>0.213276</td>\n",
       "      <td>0.000000</td>\n",
       "      <td>0.418958</td>\n",
       "      <td>0.342949</td>\n",
       "      <td>0.277013</td>\n",
       "      <td>0.187449</td>\n",
       "      <td>0.190440</td>\n",
       "      <td>0.272863</td>\n",
       "      <td>0.162484</td>\n",
       "    </tr>\n",
       "    <tr>\n",
       "      <th>4</th>\n",
       "      <td>0.530160</td>\n",
       "      <td>0.497522</td>\n",
       "      <td>0.418958</td>\n",
       "      <td>0.000000</td>\n",
       "      <td>0.079370</td>\n",
       "      <td>0.154132</td>\n",
       "      <td>0.234381</td>\n",
       "      <td>0.240960</td>\n",
       "      <td>0.213509</td>\n",
       "      <td>0.307289</td>\n",
       "    </tr>\n",
       "    <tr>\n",
       "      <th>5</th>\n",
       "      <td>0.459321</td>\n",
       "      <td>0.419581</td>\n",
       "      <td>0.342949</td>\n",
       "      <td>0.079370</td>\n",
       "      <td>0.000000</td>\n",
       "      <td>0.075034</td>\n",
       "      <td>0.162840</td>\n",
       "      <td>0.161737</td>\n",
       "      <td>0.173536</td>\n",
       "      <td>0.228159</td>\n",
       "    </tr>\n",
       "    <tr>\n",
       "      <th>6</th>\n",
       "      <td>0.400848</td>\n",
       "      <td>0.344904</td>\n",
       "      <td>0.277013</td>\n",
       "      <td>0.154132</td>\n",
       "      <td>0.075034</td>\n",
       "      <td>0.000000</td>\n",
       "      <td>0.113505</td>\n",
       "      <td>0.089271</td>\n",
       "      <td>0.173338</td>\n",
       "      <td>0.153171</td>\n",
       "    </tr>\n",
       "    <tr>\n",
       "      <th>7</th>\n",
       "      <td>0.296668</td>\n",
       "      <td>0.320447</td>\n",
       "      <td>0.187449</td>\n",
       "      <td>0.234381</td>\n",
       "      <td>0.162840</td>\n",
       "      <td>0.113505</td>\n",
       "      <td>0.000000</td>\n",
       "      <td>0.075509</td>\n",
       "      <td>0.113797</td>\n",
       "      <td>0.136820</td>\n",
       "    </tr>\n",
       "    <tr>\n",
       "      <th>8</th>\n",
       "      <td>0.319606</td>\n",
       "      <td>0.268010</td>\n",
       "      <td>0.190440</td>\n",
       "      <td>0.240960</td>\n",
       "      <td>0.161737</td>\n",
       "      <td>0.089271</td>\n",
       "      <td>0.075509</td>\n",
       "      <td>0.000000</td>\n",
       "      <td>0.183574</td>\n",
       "      <td>0.073561</td>\n",
       "    </tr>\n",
       "    <tr>\n",
       "      <th>9</th>\n",
       "      <td>0.349083</td>\n",
       "      <td>0.432388</td>\n",
       "      <td>0.272863</td>\n",
       "      <td>0.213509</td>\n",
       "      <td>0.173536</td>\n",
       "      <td>0.173338</td>\n",
       "      <td>0.113797</td>\n",
       "      <td>0.183574</td>\n",
       "      <td>0.000000</td>\n",
       "      <td>0.250298</td>\n",
       "    </tr>\n",
       "    <tr>\n",
       "      <th>10</th>\n",
       "      <td>0.299253</td>\n",
       "      <td>0.194803</td>\n",
       "      <td>0.162484</td>\n",
       "      <td>0.307289</td>\n",
       "      <td>0.228159</td>\n",
       "      <td>0.153171</td>\n",
       "      <td>0.136820</td>\n",
       "      <td>0.073561</td>\n",
       "      <td>0.250298</td>\n",
       "      <td>0.000000</td>\n",
       "    </tr>\n",
       "  </tbody>\n",
       "</table>\n",
       "</div>"
      ],
      "text/plain": [
       "          1         2         3         4         5         6         7   \\\n",
       "1   0.000000  0.308852  0.136867  0.530160  0.459321  0.400848  0.296668   \n",
       "2   0.308852  0.000000  0.213276  0.497522  0.419581  0.344904  0.320447   \n",
       "3   0.136867  0.213276  0.000000  0.418958  0.342949  0.277013  0.187449   \n",
       "4   0.530160  0.497522  0.418958  0.000000  0.079370  0.154132  0.234381   \n",
       "5   0.459321  0.419581  0.342949  0.079370  0.000000  0.075034  0.162840   \n",
       "6   0.400848  0.344904  0.277013  0.154132  0.075034  0.000000  0.113505   \n",
       "7   0.296668  0.320447  0.187449  0.234381  0.162840  0.113505  0.000000   \n",
       "8   0.319606  0.268010  0.190440  0.240960  0.161737  0.089271  0.075509   \n",
       "9   0.349083  0.432388  0.272863  0.213509  0.173536  0.173338  0.113797   \n",
       "10  0.299253  0.194803  0.162484  0.307289  0.228159  0.153171  0.136820   \n",
       "\n",
       "          8         9         10  \n",
       "1   0.319606  0.349083  0.299253  \n",
       "2   0.268010  0.432388  0.194803  \n",
       "3   0.190440  0.272863  0.162484  \n",
       "4   0.240960  0.213509  0.307289  \n",
       "5   0.161737  0.173536  0.228159  \n",
       "6   0.089271  0.173338  0.153171  \n",
       "7   0.075509  0.113797  0.136820  \n",
       "8   0.000000  0.183574  0.073561  \n",
       "9   0.183574  0.000000  0.250298  \n",
       "10  0.073561  0.250298  0.000000  "
      ]
     },
     "execution_count": 14,
     "metadata": {},
     "output_type": "execute_result"
    }
   ],
   "source": [
    "# 準備矩陣（丟掉第一欄、第一列）\n",
    "cluster = cluster0.drop(columns=cluster0.columns[[0]], axis=1)\n",
    "cluster = cluster.drop(index=[0], axis=0)\n",
    "\n",
    "cluster"
   ]
  },
  {
   "cell_type": "code",
   "execution_count": 30,
   "metadata": {},
   "outputs": [
    {
     "name": "stdout",
     "output_type": "stream",
     "text": [
      "10\n"
     ]
    },
    {
     "data": {
      "text/plain": [
       "[[0, 0, 0, 0, 0, 0, 0, 0, 0, 0, 0, 0],\n",
       " [0,\n",
       "  0.0,\n",
       "  0.3088516940035598,\n",
       "  0.1368671659087389,\n",
       "  0.5301600342069901,\n",
       "  0.4593213899437227,\n",
       "  0.4008478743214524,\n",
       "  0.2966682150629902,\n",
       "  0.3196060723486439,\n",
       "  0.3490829204400762,\n",
       "  0.2992531560141161,\n",
       "  0],\n",
       " [0,\n",
       "  0.3088516940035598,\n",
       "  0.0,\n",
       "  0.2132761912064425,\n",
       "  0.4975224080924401,\n",
       "  0.4195813107007784,\n",
       "  0.3449040335276207,\n",
       "  0.3204473578117211,\n",
       "  0.2680104517326634,\n",
       "  0.4323883855767375,\n",
       "  0.1948025923385494,\n",
       "  0],\n",
       " [0,\n",
       "  0.1368671659087389,\n",
       "  0.2132761912064425,\n",
       "  0.0,\n",
       "  0.4189580682619122,\n",
       "  0.3429492296013381,\n",
       "  0.2770134542046715,\n",
       "  0.1874490561174343,\n",
       "  0.1904395345230321,\n",
       "  0.2728628334392155,\n",
       "  0.1624844018345822,\n",
       "  0],\n",
       " [0,\n",
       "  0.5301600342069901,\n",
       "  0.4975224080924401,\n",
       "  0.4189580682619122,\n",
       "  0.0,\n",
       "  0.07937032300590703,\n",
       "  0.1541318642881787,\n",
       "  0.2343814901000071,\n",
       "  0.2409601774170405,\n",
       "  0.2135093436978455,\n",
       "  0.3072891197169081,\n",
       "  0],\n",
       " [0,\n",
       "  0.4593213899437227,\n",
       "  0.4195813107007784,\n",
       "  0.3429492296013381,\n",
       "  0.07937032300590703,\n",
       "  0.0,\n",
       "  0.07503363736242716,\n",
       "  0.1628397287588898,\n",
       "  0.1617373359647611,\n",
       "  0.173536433247826,\n",
       "  0.2281589270704758,\n",
       "  0],\n",
       " [0,\n",
       "  0.4008478743214524,\n",
       "  0.3449040335276207,\n",
       "  0.2770134542046715,\n",
       "  0.1541318642881787,\n",
       "  0.07503363736242716,\n",
       "  0.0,\n",
       "  0.1135049216933788,\n",
       "  0.08927078413945369,\n",
       "  0.1733375125593297,\n",
       "  0.1531706093727767,\n",
       "  0],\n",
       " [0,\n",
       "  0.2966682150629902,\n",
       "  0.3204473578117211,\n",
       "  0.1874490561174343,\n",
       "  0.2343814901000071,\n",
       "  0.1628397287588898,\n",
       "  0.1135049216933788,\n",
       "  0.0,\n",
       "  0.07550894013219409,\n",
       "  0.1137970648274484,\n",
       "  0.1368202593768373,\n",
       "  0],\n",
       " [0,\n",
       "  0.3196060723486439,\n",
       "  0.2680104517326634,\n",
       "  0.1904395345230321,\n",
       "  0.2409601774170405,\n",
       "  0.1617373359647611,\n",
       "  0.08927078413945369,\n",
       "  0.07550894013219409,\n",
       "  0.0,\n",
       "  0.1835741609669695,\n",
       "  0.07356148117503754,\n",
       "  0],\n",
       " [0,\n",
       "  0.3490829204400762,\n",
       "  0.4323883855767375,\n",
       "  0.2728628334392155,\n",
       "  0.2135093436978455,\n",
       "  0.173536433247826,\n",
       "  0.1733375125593297,\n",
       "  0.1137970648274484,\n",
       "  0.1835741609669695,\n",
       "  0.0,\n",
       "  0.2502978176216114,\n",
       "  0],\n",
       " [0,\n",
       "  0.2992531560141161,\n",
       "  0.1948025923385494,\n",
       "  0.1624844018345822,\n",
       "  0.3072891197169081,\n",
       "  0.2281589270704758,\n",
       "  0.1531706093727767,\n",
       "  0.1368202593768373,\n",
       "  0.07356148117503754,\n",
       "  0.2502978176216114,\n",
       "  0.0,\n",
       "  0],\n",
       " [0, 0, 0, 0, 0, 0, 0, 0, 0, 0, 0, 0]]"
      ]
     },
     "execution_count": 30,
     "metadata": {},
     "output_type": "execute_result"
    }
   ],
   "source": [
    "# 製作加入虛擬點的成本矩陣\n",
    "c = []\n",
    "I = cluster.columns.size\n",
    "print(I)\n",
    "c0 = [0] * (I+2)\n",
    "c.append(c0)\n",
    "for i in range(I):\n",
    "    c.append([0])\n",
    "    for j in range(I):\n",
    "        c[i+1].append(cluster[i+1][j+1]) \n",
    "        # print(cluster[i+1][j+1])\n",
    "    c[i+1].append(0)\n",
    "c.append(c0)\n",
    "\n",
    "c"
   ]
  },
  {
   "cell_type": "code",
   "execution_count": 31,
   "metadata": {},
   "outputs": [
    {
     "name": "stdout",
     "output_type": "stream",
     "text": [
      "name_list [0, 5, 13, 26, 29, 30, 38, 46, 47, 50, 51, 0]\n",
      "station_id [0, 5, 13, 26, 29, 30, 38, 46, 47, 50, 51, 10000]\n",
      "Parked [0, 0, 19, 7, 19, 12, 3, 5, 4, 3, 6, 0]\n",
      "Capacity [0, 42, 27, 10, 42, 25, 22, 10, 14, 20, 10, 10000]\n"
     ]
    }
   ],
   "source": [
    "# 記錄站點容量與已停數量\n",
    "data = pd.read_csv('data.csv')\n",
    "data.drop(['Unnamed: 0'], axis = 1)\n",
    "\n",
    "# initialization\n",
    "station_id = [0]\n",
    "Parked = [0]\n",
    "Capacity = [0]\n",
    "print(\"name_list\",name_list)\n",
    "\n",
    "for i in range(1,len(name_list)-1):\n",
    "    id = name_list[i]\n",
    "    # print(id)\n",
    "    station_id.append(id)\n",
    "    Capacity.append(int(data[\"space_total\"][id]))\n",
    "    Parked.append(int(data[\"space_occupied\"][id]))\n",
    "\n",
    "station_id.append(10000)\n",
    "Parked.append(0)\n",
    "Capacity.append(10000)\n",
    "\n",
    "print(\"station_id\",station_id)\n",
    "print(\"Parked\",Parked)\n",
    "print(\"Capacity\",Capacity)"
   ]
  },
  {
   "cell_type": "markdown",
   "metadata": {},
   "source": [
    "# Set parameters and variables"
   ]
  },
  {
   "cell_type": "code",
   "execution_count": 32,
   "metadata": {
    "scrolled": true
   },
   "outputs": [
    {
     "name": "stdout",
     "output_type": "stream",
     "text": [
      "Cost:\n",
      "[-0.0001, 0, 0, 0, 0, 0, 0, 0, 0, 0, 0, -0.0001]\n",
      "[0, 0.0, 0.3088516940035598, 0.1368671659087389, 0.5301600342069901, 0.4593213899437227, 0.4008478743214524, 0.2966682150629902, 0.3196060723486439, 0.3490829204400762, 0.2992531560141161, 0]\n",
      "[0, 0.3088516940035598, 0.0, 0.2132761912064425, 0.4975224080924401, 0.4195813107007784, 0.3449040335276207, 0.3204473578117211, 0.2680104517326634, 0.4323883855767375, 0.1948025923385494, 0]\n",
      "[0, 0.1368671659087389, 0.2132761912064425, 0.0, 0.4189580682619122, 0.3429492296013381, 0.2770134542046715, 0.1874490561174343, 0.1904395345230321, 0.2728628334392155, 0.1624844018345822, 0]\n",
      "[0, 0.5301600342069901, 0.4975224080924401, 0.4189580682619122, 0.0, 0.07937032300590703, 0.1541318642881787, 0.2343814901000071, 0.2409601774170405, 0.2135093436978455, 0.3072891197169081, 0]\n",
      "[0, 0.4593213899437227, 0.4195813107007784, 0.3429492296013381, 0.07937032300590703, 0.0, 0.07503363736242716, 0.1628397287588898, 0.1617373359647611, 0.173536433247826, 0.2281589270704758, 0]\n",
      "[0, 0.4008478743214524, 0.3449040335276207, 0.2770134542046715, 0.1541318642881787, 0.07503363736242716, 0.0, 0.1135049216933788, 0.08927078413945369, 0.1733375125593297, 0.1531706093727767, 0]\n",
      "[0, 0.2966682150629902, 0.3204473578117211, 0.1874490561174343, 0.2343814901000071, 0.1628397287588898, 0.1135049216933788, 0.0, 0.07550894013219409, 0.1137970648274484, 0.1368202593768373, 0]\n",
      "[0, 0.3196060723486439, 0.2680104517326634, 0.1904395345230321, 0.2409601774170405, 0.1617373359647611, 0.08927078413945369, 0.07550894013219409, 0.0, 0.1835741609669695, 0.07356148117503754, 0]\n",
      "[0, 0.3490829204400762, 0.4323883855767375, 0.2728628334392155, 0.2135093436978455, 0.173536433247826, 0.1733375125593297, 0.1137970648274484, 0.1835741609669695, 0.0, 0.2502978176216114, 0]\n",
      "[0, 0.2992531560141161, 0.1948025923385494, 0.1624844018345822, 0.3072891197169081, 0.2281589270704758, 0.1531706093727767, 0.1368202593768373, 0.07356148117503754, 0.2502978176216114, 0.0, 0]\n",
      "[-0.0001, 0, 0, 0, 0, 0, 0, 0, 0, 0, 0, -0.0001]\n"
     ]
    }
   ],
   "source": [
    "# -*- coding: utf-8 -*-\n",
    "\"\"\"\n",
    "OR Final Project: Group A\n",
    "\"\"\"\n",
    "# Q1(b)\n",
    "from gurobipy import*\n",
    "import pandas as pd\n",
    "import numpy as np\n",
    "\n",
    "model = Model('OR Final Project')\n",
    "\n",
    "# I = 5\n",
    "\n",
    "A = 16               # 一台調度車容量上限\n",
    "S_H = 0.7            # 停車率的安全範圍上限比率\n",
    "S_L = 0.3            # 停車率的安全範圍下限比率\n",
    "L = 60               # 調度車在單位時間內移動的距離（或時間）上限\n",
    "lambda_value = 500   #有改過 比較合理\n",
    "\n",
    "\n",
    "# 為站點 i 的車柱總數\n",
    "# Capacity = [0,200,100,150,20,100,10000]\n",
    "\n",
    "# 站點 i 的停車數量\n",
    "# Parked = [Capacity[i]*S_H if i!= 0 and i!=I+1 else 0 for i in range(I+2)] # 測試剛好最高\n",
    "# Parked = [Capacity[i]*S_L if i!= 0 and i!=I+1 else 0 for i in range(I+2)] # 測試剛好最低\n",
    "# Parked = [0,55,80,40,10,50,0]  # 自己key\n",
    "\n",
    "\n",
    "\n",
    "\"\"\" set cost \"\"\"\n",
    "# 調度車輛從站點 i 到站點 j 的成本 (c_ij 要等於 c_ji)\n",
    "# \n",
    "real_cost = 1\n",
    "virtual_cost = 0\n",
    "# c = [[real_cost if i!=I+1 and i!=0 and i!=j else virtual_cost for i in range(I+2)] if j!=I+1 and j!=0 else [virtual_cost for k in range(I+2)]for j in range(I+2)]\n",
    "\n",
    "# 不用做事（如全部的車站都符合標準）的時候，讓虛擬起點到虛擬終點的成本是負的，迫使solver讓調度車不經過真實站點\n",
    "virtual_start_and_end = -0.0001\n",
    "c[0][0]     = virtual_start_and_end\n",
    "c[0][I+1]   = virtual_start_and_end\n",
    "c[I+1][0]   = virtual_start_and_end\n",
    "c[I+1][I+1] = virtual_start_and_end\n",
    "\n",
    "print(\"Cost:\",*c, sep='\\n') # print cost to check\n",
    "\n",
    "\"\"\" declare variables \"\"\"\n",
    "a=[]    # 調度車從i站拿走的量\n",
    "b=[]    # 調度車放入i站的量\n",
    "p=[]    # 進i站時調度車上的腳踏車量\n",
    "q=[]    # 出i站時調度車上的腳踏車量\n",
    "x=[]    # =1代表有經過i站\n",
    "y=[]    # =1代表從i走到j\n",
    "w_L=[]  # 各點的懲罰比率\n",
    "w_H=[]  # 各點的懲罰比率\n",
    "u=[]    # 車站的經過「順序」\n",
    "v=[]    # =1代表u[i]>u[j]\n",
    "\n",
    "a =   model.addVars(I+2,      lb = 0, vtype = GRB.INTEGER, name = 'a')\n",
    "b =   model.addVars(I+2,      lb = 0, vtype = GRB.INTEGER, name = 'b')\n",
    "p =   model.addVars(I+2,      lb = 0, vtype = GRB.INTEGER, name = 'p')\n",
    "q =   model.addVars(I+2,      lb = 0, vtype = GRB.INTEGER, name = 'q')\n",
    "\n",
    "x =   model.addVars(I+2,      lb = 0, vtype = GRB.BINARY,  name = 'x')\n",
    "y =   model.addVars(I+2, I+2, lb = 0, vtype = GRB.BINARY,  name = 'y') \n",
    "w_L = model.addVars(I+2,      lb = 0, vtype = GRB.CONTINUOUS, name = 'w_L')\n",
    "w_H = model.addVars(I+2,      lb = 0, vtype = GRB.CONTINUOUS, name = 'w_H')\n",
    "\n",
    "u =   model.addVars(I+2,      lb = 0, vtype = GRB.INTEGER, name = 'u')\n",
    "v =   model.addVars(I+2, I+2, lb = 0, vtype = GRB.BINARY , name = 'v')#決定每個u的關聯\n",
    "\n"
   ]
  },
  {
   "cell_type": "markdown",
   "metadata": {},
   "source": [
    "# Set objective and constraints"
   ]
  },
  {
   "cell_type": "code",
   "execution_count": 33,
   "metadata": {},
   "outputs": [
    {
     "data": {
      "text/plain": [
       "<gurobi.Constr *Awaiting Model Update*>"
      ]
     },
     "execution_count": 33,
     "metadata": {},
     "output_type": "execute_result"
    }
   ],
   "source": [
    "\"\"\" set objective and constraints \"\"\"\n",
    "# 虛擬點為0是起點,n+1為終點\n",
    "# 真正的點為1~n\n",
    "model.update()\n",
    "model.setObjective( quicksum(y[i,j]*c[i][j] for i in range(I+2) for j in range(I+2)) + lambda_value*quicksum(w_L[i]+w_H[i] for i in range(1,I+1)) , GRB.MINIMIZE)\n",
    "     \n",
    "    \n",
    "M=sum(Parked)\n",
    "\"\"\"路線限制!!!\"\"\"\n",
    "\n",
    "# 兩個點都走到才有機會連在一起->有y必有x\n",
    "model.addConstrs((x[i] + x[j]  >= 2*(y[i, j]+y[j, i]) for i in range(I+2) for j in range(I+2)), \"C1\")\n",
    "\n",
    "# 對於起終點以外，進的點=出的點(也就是都只有一個點)\n",
    "model.addConstrs(   (quicksum(y[i, k] for i in range(0,I+1))==quicksum(y[k, j] for j in range(1,I+2)) for k in range(1,I+1)   ),\"C2\")\n",
    "\n",
    "# 不能到自己\n",
    "model.addConstrs(   (y[i, i]==0 for i in range(I+2))   ,\"C3\") # 這邊的寫法跟pdf上不一樣有小改ij to ii\n",
    "\n",
    "# 不能來回走\n",
    "model.addConstrs(   (y[i, j]+y[j, i] <= 1 for i in range(I+2) for j in range(I+2))   ,\"C4\")\n",
    "\n",
    "# 不能跑超過一小時能跑的距離(L)\n",
    "model.addConstr(    (quicksum(y[i, j]*c[i][j] for i in range(I+2) for j in range(I+2)) <= L)   ,\"C5\")\n",
    "\n",
    "# 一站只能進或出一次\n",
    "model.addConstrs(   (quicksum(y[i, j] for i in range(I+2))<=1 for j in range(I+2))   ,\"C6-1\")\n",
    "model.addConstrs(   (quicksum(y[i, j] for j in range(I+2))<=1 for i in range(I+2))   ,\"C6-2\")\n",
    "\n",
    "# x不為0時y要有東西\n",
    "# 這邊的寫法跟pdf上不一樣有小改範圍\n",
    "model.addConstrs(   ((quicksum(y[i, j] for j in range(I+2))+quicksum(y[j, i] for j in range(I+2))) >= x[i] for i in range(I+2))   ,\"C7\")\n",
    "\n",
    "\n",
    "\n",
    "\"\"\" 處理subtour \"\"\"\n",
    "model.addConstr(  (u[0] == 1), \"\")\n",
    "model.addConstrs( (u[i] <= (I+2) for i in range(1,I+2)) , \"\")\n",
    "model.addConstrs( (u[i] >= 2 for i in range(1,I+2)) , \"\")\n",
    "model.addConstrs( (u[i] - u[j] + 1 <= (M)*(1-y[i, j]) for i in range(I+2) for j in range(I+2) if i != j) , \"\")\n",
    "\n",
    "# v_ij=1 if ui > uj else 0\n",
    "e = 0.01\n",
    "model.addConstrs( (u[i]-u[j] <= M*v[i, j]-e     for i in range(I+2) for j in range(I+2) if i != j),\"每個u不一樣\")\n",
    "model.addConstrs( (u[i]-u[j] >= e-M*(1-v[i, j]) for i in range(I+2) for j in range(I+2) if i != j),\"每個u不一樣\")\n",
    "\n",
    "\n",
    "\n",
    "\"\"\"站點bike限制!!!\"\"\"\n",
    "# 只能拿或放，不能同時\n",
    "model.addConstrs(   (a[i]*b[i] == 0 for i in range(I+2)) , \"C8\")\n",
    "\n",
    "# 有經過才拿或放\n",
    "model.addConstrs( (M*x[i] >= a[i] for i in range(I+2)), \"C9-1\")\n",
    "model.addConstrs( (M*x[i] >= b[i] for i in range(I+2)), \"C9-2\")\n",
    "\n",
    "# 懲罰\n",
    "model.addConstrs((w_L[i] >= S_L - (Parked[i] - a[i] * x[i] + b[i] * x[i])/Capacity[i]    for i in range(1,I+1)), \"C10-1-1\")\n",
    "model.addConstrs((w_L[i] >= 0 for i in range(1,I)), \"\")\n",
    "\n",
    "model.addConstrs((w_H[i] >= (Parked[i] - a[i] * x[i] + b[i] * x[i])/Capacity[i] - S_H    for i in range(1,I+1)), \"C10-2-1\")\n",
    "model.addConstrs((w_H[i] >= 0 for i in range(1,I)), \"\")\n",
    "\n",
    "# 所有從各站拿走總合等於放回 卡車最後沒東西都放回虛擬點\n",
    "model.addConstr(  (quicksum(a[i]*x[i] for i in range(I+2)) == quicksum(b[i]*x[i] for i in range(I+2))), \"C11\")\n",
    "\n",
    "# 合理的放回車站\n",
    "model.addConstrs( (b[i] +  Parked[i] <= Capacity[i] for i in range(1,I+2)), \"C12-1\")\n",
    "# 合理地拿出車站\n",
    "model.addConstrs( (a[i] <= Parked[i]                for i in range(1,I+1)), \"C12-2\")\n",
    "\n",
    "\n",
    "\"\"\" trucks constraints \"\"\"\n",
    "# 進+拿-放=出\n",
    "model.addConstrs( (p[i] + a[i] - b[i] == q[i] for i in range(I+2)), \"C13\")\n",
    "# 從此站出的腳踏車量等於到下站時的腳踏車量\n",
    "model.addConstrs( (q[i]*y[i,j] == p[j]*y[i,j] for i in range(I+2) for j in range(I+2) if i != j), \"C14\")\n",
    "# 車上總車數不能超過容量\n",
    "model.addConstrs( (p[i] <= A for i in range(I+2)), \"C15-1\")\n",
    "model.addConstrs( (q[i] <= A for i in range(I+2)), \"C15-2\")\n",
    "# 不能放下超過貨車上進場時的腳踏車量\n",
    "model.addConstrs( (b[i] <= p[i] for i in range(I+2)), \"\")\n",
    "\n",
    "\n",
    "\"\"\" Virtual points constraints \"\"\"\n",
    "# 起點的a,b為0\n",
    "model.addConstr(  (a[0]   == 0), \"\")\n",
    "model.addConstr(  (b[0]   == 0), \"\")\n",
    "# 終點的a為0,b都可\n",
    "model.addConstr(  (a[I+1] == 0), \"\")\n",
    "model.addConstr(  (b[I+1] >= 0), \"終點可以放車（真實的站點最後一站沒補完）\")\n",
    "# 起終點必經\n",
    "model.addConstr(  (x[0]   == 1), \"\")\n",
    "model.addConstr(  (x[I+1] == 1), \"\")\n",
    "# 起點不進，終點不出\n",
    "model.addConstrs( (y[i,   0] == 0 for i in range(1, I+2))  , \"不能進入虛擬起點\")# 範圍小改\n",
    "model.addConstrs( (y[I+1, i] == 0 for i in range(I+1))     , \"虛擬終點不能出去\")   # 範圍小改\n",
    "# 在起點時沒車，終點時即便原本有車也要放到沒\n",
    "model.addConstr(  (p[0]   == 0), \"\")\n",
    "model.addConstr(  (q[0]   == 0), \"\")\n",
    "model.addConstr(  (p[I+1] >= 0), \"進入終點時可以有車（真實的站點最後一站沒補完）\")\n",
    "model.addConstr(  (q[I+1] == 0), \"\")\n",
    "# 起終點不懲罰\n",
    "model.addConstr(  (w_L[0]   == 0), \"\")\n",
    "model.addConstr(  (w_L[0]   == 0), \"\")\n",
    "model.addConstr(  (w_H[I+1] == 0), \"\")\n",
    "model.addConstr(  (w_H[I+1] == 0), \"\")"
   ]
  },
  {
   "cell_type": "markdown",
   "metadata": {},
   "source": [
    "# Optimize and output"
   ]
  },
  {
   "cell_type": "code",
   "execution_count": 34,
   "metadata": {
    "scrolled": true
   },
   "outputs": [
    {
     "name": "stdout",
     "output_type": "stream",
     "text": [
      "Gurobi Optimizer version 9.1.2 build v9.1.2rc0 (mac64)\n",
      "Thread count: 4 physical cores, 8 logical processors, using up to 8 threads\n",
      "Optimize a model with 913 rows, 384 columns and 3140 nonzeros\n",
      "Model fingerprint: 0x3e83026e\n",
      "Model has 165 quadratic constraints\n",
      "Variable types: 24 continuous, 360 integer (300 binary)\n",
      "Coefficient statistics:\n",
      "  Matrix range     [1e-04, 8e+01]\n",
      "  QMatrix range    [2e-02, 1e+00]\n",
      "  QLMatrix range   [1e+00, 1e+00]\n",
      "  Objective range  [1e-04, 5e+02]\n",
      "  Bounds range     [1e+00, 1e+00]\n",
      "  RHS range        [1e-02, 1e+04]\n",
      "  QRHS range       [1e-16, 7e-01]\n",
      "Presolve removed 182 rows and 74 columns\n",
      "Presolve time: 0.03s\n",
      "Presolved: 790 rows, 329 columns, 3675 nonzeros\n",
      "Variable types: 19 continuous, 310 integer (240 binary)\n",
      "Found heuristic solution: objective 315.8128908\n",
      "Found heuristic solution: objective 315.8127908\n",
      "\n",
      "Root relaxation: objective 7.253865e-01, 237 iterations, 0.00 seconds\n",
      "\n",
      "    Nodes    |    Current Node    |     Objective Bounds      |     Work\n",
      " Expl Unexpl |  Obj  Depth IntInf | Incumbent    BestBd   Gap | It/Node Time\n",
      "\n",
      "     0     0    0.72539    0   48  315.81279    0.72539   100%     -    0s\n",
      "H    0     0                     207.4406505    0.72539   100%     -    0s\n",
      "H    0     0                     166.8215988    0.72539   100%     -    0s\n",
      "H    0     0                     164.8907128    0.72539   100%     -    0s\n",
      "     0     0    0.84293    0   36  164.89071    0.84293  99.5%     -    0s\n",
      "     0     0    0.84681    0   39  164.89071    0.84681  99.5%     -    0s\n",
      "H    0     0                      24.3744144    0.84681  96.5%     -    0s\n",
      "H    0     0                      20.0620340    0.84681  95.8%     -    0s\n",
      "     0     0    0.88674    0   62   20.06203    0.88674  95.6%     -    0s\n",
      "H    0     0                      11.3342383    0.88674  92.2%     -    0s\n",
      "H    0     0                      11.2062925    0.88674  92.1%     -    0s\n",
      "     0     0    0.88674    0   72   11.20629    0.88674  92.1%     -    0s\n",
      "     0     0    0.89747    0   78   11.20629    0.89747  92.0%     -    0s\n",
      "     0     0    0.89931    0   55   11.20629    0.89931  92.0%     -    0s\n",
      "H    0     0                       1.6888399    0.89931  46.8%     -    0s\n",
      "     0     0    0.89931    0   63    1.68884    0.89931  46.8%     -    0s\n",
      "     0     0    0.89931    0   34    1.68884    0.89931  46.8%     -    0s\n",
      "     0     0    0.94243    0   51    1.68884    0.94243  44.2%     -    0s\n",
      "H    0     0                       1.3594113    0.94243  30.7%     -    0s\n",
      "     0     0    0.94243    0   54    1.35941    0.94243  30.7%     -    0s\n",
      "H    0     0                       1.1327037    0.98147  13.4%     -    0s\n",
      "     0     0    0.99087    0   63    1.13270    0.99087  12.5%     -    0s\n",
      "H    0     0                       1.1201208    0.99879  10.8%     -    0s\n",
      "     0     0    0.99879    0   66    1.12012    0.99879  10.8%     -    0s\n",
      "H    0     0                       1.0927308    0.99879  8.60%     -    0s\n",
      "     0     0    1.00709    0   56    1.09273    1.00709  7.84%     -    0s\n",
      "     0     0    1.00904    0   41    1.09273    1.00904  7.66%     -    0s\n",
      "     0     0    1.00904    0   24    1.09273    1.00904  7.66%     -    0s\n",
      "     0     0    1.00904    0   55    1.09273    1.00904  7.66%     -    0s\n",
      "     0     0    1.00904    0   57    1.09273    1.00904  7.66%     -    0s\n",
      "     0     0    1.00904    0   57    1.09273    1.00904  7.66%     -    0s\n",
      "     0     0    1.00904    0   66    1.09273    1.00904  7.66%     -    0s\n",
      "     0     0    1.00904    0   67    1.09273    1.00904  7.66%     -    0s\n",
      "     0     0    1.00904    0   72    1.09273    1.00904  7.66%     -    0s\n",
      "     0     0    1.00904    0   71    1.09273    1.00904  7.66%     -    0s\n",
      "     0     0    1.00904    0   44    1.09273    1.00904  7.66%     -    0s\n",
      "     0     0    1.00904    0   56    1.09273    1.00904  7.66%     -    0s\n",
      "     0     0    1.00904    0   62    1.09273    1.00904  7.66%     -    0s\n",
      "     0     0    1.00904    0   49    1.09273    1.00904  7.66%     -    0s\n",
      "     0     0    1.01214    0   46    1.09273    1.01214  7.38%     -    0s\n",
      "H    0     0                       1.0159349    1.01214  0.37%     -    0s\n",
      "\n",
      "Cutting planes:\n",
      "  Learned: 19\n",
      "  Gomory: 1\n",
      "  Cover: 2\n",
      "  Implied bound: 7\n",
      "  Clique: 2\n",
      "  MIR: 16\n",
      "  StrongCG: 1\n",
      "  Flow cover: 1\n",
      "  Zero half: 5\n",
      "  RLT: 6\n",
      "  Relax-and-lift: 4\n",
      "\n",
      "Explored 1 nodes (2733 simplex iterations) in 0.63 seconds\n",
      "Thread count was 8 (of 8 available processors)\n",
      "\n",
      "Solution count 10: 1.01593 1.09273 1.12012 ... 24.3744\n",
      "\n",
      "Optimal solution found (tolerance 1.00e-04)\n",
      "Best objective 1.015934927611e+00, best bound 1.015934927611e+00, gap 0.0000%\n",
      "a[0] = 0.0\n",
      "a[1] = 0.0\n",
      "a[2] = 10.0\n",
      "a[3] = 4.0\n",
      "a[4] = 0.0\n",
      "a[5] = 4.0\n",
      "a[6] = 0.0\n",
      "a[7] = 0.0\n",
      "a[8] = 0.0\n",
      "a[9] = 0.0\n",
      "a[10] = 3.0\n",
      "a[11] = 0.0\n",
      "b[0] = 0.0\n",
      "b[1] = 13.0\n",
      "b[2] = 0.0\n",
      "b[3] = 0.0\n",
      "b[4] = -0.0\n",
      "b[5] = -0.0\n",
      "b[6] = 4.0\n",
      "b[7] = -0.0\n",
      "b[8] = 1.0\n",
      "b[9] = 3.0\n",
      "b[10] = 0.0\n",
      "b[11] = -0.0\n",
      "p[0] = 0.0\n",
      "p[1] = 13.0\n",
      "p[2] = -0.0\n",
      "p[3] = 9.0\n",
      "p[4] = -0.0\n",
      "p[5] = 8.0\n",
      "p[6] = 12.0\n",
      "p[7] = -0.0\n",
      "p[8] = 13.0\n",
      "p[9] = 12.0\n",
      "p[10] = 10.0\n",
      "p[11] = 0.0\n",
      "q[0] = 0.0\n",
      "q[1] = 0.0\n",
      "q[2] = 10.0\n",
      "q[3] = 13.0\n",
      "q[4] = 0.0\n",
      "q[5] = 12.0\n",
      "q[6] = 8.0\n",
      "q[7] = 0.0\n",
      "q[8] = 12.0\n",
      "q[9] = 9.0\n",
      "q[10] = 13.0\n",
      "q[11] = 0.0\n",
      "x[0] = 1.0\n",
      "x[1] = 1.0\n",
      "x[2] = 1.0\n",
      "x[3] = 1.0\n",
      "x[4] = 0.0\n",
      "x[5] = 1.0\n",
      "x[6] = 1.0\n",
      "x[7] = 0.0\n",
      "x[8] = 1.0\n",
      "x[9] = 1.0\n",
      "x[10] = 1.0\n",
      "x[11] = 1.0\n",
      "y[0,0] = 0.0\n",
      "y[0,1] = 0.0\n",
      "y[0,2] = 1.0\n",
      "y[0,3] = 0.0\n",
      "y[0,4] = -0.0\n",
      "y[0,5] = -0.0\n",
      "y[0,6] = 0.0\n",
      "y[0,7] = -0.0\n",
      "y[0,8] = 0.0\n",
      "y[0,9] = 0.0\n",
      "y[0,10] = -0.0\n",
      "y[0,11] = 0.0\n",
      "y[1,0] = 0.0\n",
      "y[1,1] = 0.0\n",
      "y[1,2] = -0.0\n",
      "y[1,3] = 0.0\n",
      "y[1,4] = 0.0\n",
      "y[1,5] = 0.0\n",
      "y[1,6] = 0.0\n",
      "y[1,7] = 0.0\n",
      "y[1,8] = 0.0\n",
      "y[1,9] = -0.0\n",
      "y[1,10] = -0.0\n",
      "y[1,11] = 1.0\n",
      "y[2,0] = 0.0\n",
      "y[2,1] = -0.0\n",
      "y[2,2] = 0.0\n",
      "y[2,3] = -0.0\n",
      "y[2,4] = 0.0\n",
      "y[2,5] = 0.0\n",
      "y[2,6] = 0.0\n",
      "y[2,7] = 0.0\n",
      "y[2,8] = -0.0\n",
      "y[2,9] = 0.0\n",
      "y[2,10] = 1.0\n",
      "y[2,11] = 0.0\n",
      "y[3,0] = 0.0\n",
      "y[3,1] = 1.0\n",
      "y[3,2] = -0.0\n",
      "y[3,3] = 0.0\n",
      "y[3,4] = 0.0\n",
      "y[3,5] = 0.0\n",
      "y[3,6] = 0.0\n",
      "y[3,7] = 0.0\n",
      "y[3,8] = -0.0\n",
      "y[3,9] = -0.0\n",
      "y[3,10] = -0.0\n",
      "y[3,11] = -0.0\n",
      "y[4,0] = 0.0\n",
      "y[4,1] = 0.0\n",
      "y[4,2] = 0.0\n",
      "y[4,3] = 0.0\n",
      "y[4,4] = 0.0\n",
      "y[4,5] = -0.0\n",
      "y[4,6] = -0.0\n",
      "y[4,7] = -0.0\n",
      "y[4,8] = -0.0\n",
      "y[4,9] = 0.0\n",
      "y[4,10] = 0.0\n",
      "y[4,11] = -0.0\n",
      "y[5,0] = 0.0\n",
      "y[5,1] = 0.0\n",
      "y[5,2] = 0.0\n",
      "y[5,3] = 0.0\n",
      "y[5,4] = -0.0\n",
      "y[5,5] = 0.0\n",
      "y[5,6] = -0.0\n",
      "y[5,7] = -0.0\n",
      "y[5,8] = -0.0\n",
      "y[5,9] = 1.0\n",
      "y[5,10] = -0.0\n",
      "y[5,11] = 0.0\n",
      "y[6,0] = 0.0\n",
      "y[6,1] = 0.0\n",
      "y[6,2] = 0.0\n",
      "y[6,3] = 0.0\n",
      "y[6,4] = -0.0\n",
      "y[6,5] = 1.0\n",
      "y[6,6] = 0.0\n",
      "y[6,7] = -0.0\n",
      "y[6,8] = 0.0\n",
      "y[6,9] = -0.0\n",
      "y[6,10] = -0.0\n",
      "y[6,11] = 0.0\n",
      "y[7,0] = 0.0\n",
      "y[7,1] = -0.0\n",
      "y[7,2] = 0.0\n",
      "y[7,3] = -0.0\n",
      "y[7,4] = -0.0\n",
      "y[7,5] = 0.0\n",
      "y[7,6] = -0.0\n",
      "y[7,7] = 0.0\n",
      "y[7,8] = 0.0\n",
      "y[7,9] = -0.0\n",
      "y[7,10] = -0.0\n",
      "y[7,11] = 0.0\n",
      "y[8,0] = 0.0\n",
      "y[8,1] = -0.0\n",
      "y[8,2] = -0.0\n",
      "y[8,3] = 0.0\n",
      "y[8,4] = -0.0\n",
      "y[8,5] = -0.0\n",
      "y[8,6] = 1.0\n",
      "y[8,7] = 0.0\n",
      "y[8,8] = 0.0\n",
      "y[8,9] = 0.0\n",
      "y[8,10] = -0.0\n",
      "y[8,11] = 0.0\n",
      "y[9,0] = 0.0\n",
      "y[9,1] = 0.0\n",
      "y[9,2] = 0.0\n",
      "y[9,3] = 1.0\n",
      "y[9,4] = -0.0\n",
      "y[9,5] = -0.0\n",
      "y[9,6] = 0.0\n",
      "y[9,7] = 0.0\n",
      "y[9,8] = 0.0\n",
      "y[9,9] = 0.0\n",
      "y[9,10] = -0.0\n",
      "y[9,11] = 0.0\n",
      "y[10,0] = 0.0\n",
      "y[10,1] = -0.0\n",
      "y[10,2] = 0.0\n",
      "y[10,3] = -0.0\n",
      "y[10,4] = 0.0\n",
      "y[10,5] = -0.0\n",
      "y[10,6] = -0.0\n",
      "y[10,7] = -0.0\n",
      "y[10,8] = 1.0\n",
      "y[10,9] = -0.0\n",
      "y[10,10] = 0.0\n",
      "y[10,11] = -0.0\n",
      "y[11,0] = 0.0\n",
      "y[11,1] = 0.0\n",
      "y[11,2] = 0.0\n",
      "y[11,3] = 0.0\n",
      "y[11,4] = 0.0\n",
      "y[11,5] = 0.0\n",
      "y[11,6] = 0.0\n",
      "y[11,7] = 0.0\n",
      "y[11,8] = 0.0\n",
      "y[11,9] = 0.0\n",
      "y[11,10] = 0.0\n",
      "y[11,11] = 0.0\n",
      "w_L[0] = 0.0\n",
      "w_L[1] = 0.0\n",
      "w_L[2] = 0.0\n",
      "w_L[3] = 0.0\n",
      "w_L[4] = 0.0\n",
      "w_L[5] = 0.0\n",
      "w_L[6] = 0.0\n",
      "w_L[7] = 0.0\n",
      "w_L[8] = 0.0\n",
      "w_L[9] = 0.0\n",
      "w_L[10] = 0.0\n",
      "w_L[11] = 0.0\n",
      "w_H[0] = 0.0\n",
      "w_H[1] = 0.0\n",
      "w_H[2] = 0.0\n",
      "w_H[3] = 0.0\n",
      "w_H[4] = 0.0\n",
      "w_H[5] = 0.0\n",
      "w_H[6] = 0.0\n",
      "w_H[7] = 0.0\n",
      "w_H[8] = 0.0\n",
      "w_H[9] = 0.0\n",
      "w_H[10] = 0.0\n",
      "w_H[11] = 0.0\n",
      "u[0] = 1.0\n",
      "u[1] = 10.0\n",
      "u[2] = 2.0\n",
      "u[3] = 9.0\n",
      "u[4] = 3.0\n",
      "u[5] = 7.0\n",
      "u[6] = 6.0\n",
      "u[7] = 12.0\n",
      "u[8] = 5.0\n",
      "u[9] = 8.0\n",
      "u[10] = 4.0\n",
      "u[11] = 11.0\n",
      "v[0,0] = 0.0\n",
      "v[0,1] = 0.0\n",
      "v[0,2] = 0.0\n",
      "v[0,3] = 0.0\n",
      "v[0,4] = 0.0\n",
      "v[0,5] = 0.0\n",
      "v[0,6] = 0.0\n",
      "v[0,7] = 0.0\n",
      "v[0,8] = 0.0\n",
      "v[0,9] = 0.0\n",
      "v[0,10] = 0.0\n",
      "v[0,11] = 0.0\n",
      "v[1,0] = 1.0\n",
      "v[1,1] = 0.0\n",
      "v[1,2] = 1.0\n",
      "v[1,3] = 1.0\n",
      "v[1,4] = 1.0\n",
      "v[1,5] = 1.0\n",
      "v[1,6] = 1.0\n",
      "v[1,7] = 0.0\n",
      "v[1,8] = 1.0\n",
      "v[1,9] = 1.0\n",
      "v[1,10] = 1.0\n",
      "v[1,11] = -0.0\n",
      "v[2,0] = 1.0\n",
      "v[2,1] = -0.0\n",
      "v[2,2] = 0.0\n",
      "v[2,3] = 0.0\n",
      "v[2,4] = 0.0\n",
      "v[2,5] = -0.0\n",
      "v[2,6] = -0.0\n",
      "v[2,7] = -0.0\n",
      "v[2,8] = -0.0\n",
      "v[2,9] = -0.0\n",
      "v[2,10] = 0.0\n",
      "v[2,11] = -0.0\n",
      "v[3,0] = 1.0\n",
      "v[3,1] = -0.0\n",
      "v[3,2] = 1.0\n",
      "v[3,3] = 0.0\n",
      "v[3,4] = 1.0\n",
      "v[3,5] = 1.0\n",
      "v[3,6] = 1.0\n",
      "v[3,7] = -0.0\n",
      "v[3,8] = 1.0\n",
      "v[3,9] = 1.0\n",
      "v[3,10] = 1.0\n",
      "v[3,11] = -0.0\n",
      "v[4,0] = 1.0\n",
      "v[4,1] = -0.0\n",
      "v[4,2] = 1.0\n",
      "v[4,3] = -0.0\n",
      "v[4,4] = 0.0\n",
      "v[4,5] = 0.0\n",
      "v[4,6] = -0.0\n",
      "v[4,7] = -0.0\n",
      "v[4,8] = -0.0\n",
      "v[4,9] = 0.0\n",
      "v[4,10] = 0.0\n",
      "v[4,11] = 0.0\n",
      "v[5,0] = 1.0\n",
      "v[5,1] = 0.0\n",
      "v[5,2] = 1.0\n",
      "v[5,3] = -0.0\n",
      "v[5,4] = 1.0\n",
      "v[5,5] = 0.0\n",
      "v[5,6] = 1.0\n",
      "v[5,7] = 0.0\n",
      "v[5,8] = 1.0\n",
      "v[5,9] = 0.0\n",
      "v[5,10] = 1.0\n",
      "v[5,11] = -0.0\n",
      "v[6,0] = 1.0\n",
      "v[6,1] = -0.0\n",
      "v[6,2] = 1.0\n",
      "v[6,3] = -0.0\n",
      "v[6,4] = 1.0\n",
      "v[6,5] = -0.0\n",
      "v[6,6] = 0.0\n",
      "v[6,7] = 0.0\n",
      "v[6,8] = 1.0\n",
      "v[6,9] = 0.0\n",
      "v[6,10] = 1.0\n",
      "v[6,11] = -0.0\n",
      "v[7,0] = 1.0\n",
      "v[7,1] = 1.0\n",
      "v[7,2] = 1.0\n",
      "v[7,3] = 1.0\n",
      "v[7,4] = 1.0\n",
      "v[7,5] = 1.0\n",
      "v[7,6] = 1.0\n",
      "v[7,7] = 0.0\n",
      "v[7,8] = 1.0\n",
      "v[7,9] = 1.0\n",
      "v[7,10] = 1.0\n",
      "v[7,11] = 1.0\n",
      "v[8,0] = 1.0\n",
      "v[8,1] = -0.0\n",
      "v[8,2] = 1.0\n",
      "v[8,3] = -0.0\n",
      "v[8,4] = 1.0\n",
      "v[8,5] = -0.0\n",
      "v[8,6] = -0.0\n",
      "v[8,7] = -0.0\n",
      "v[8,8] = 0.0\n",
      "v[8,9] = 0.0\n",
      "v[8,10] = 1.0\n",
      "v[8,11] = -0.0\n",
      "v[9,0] = 1.0\n",
      "v[9,1] = -0.0\n",
      "v[9,2] = 1.0\n",
      "v[9,3] = -0.0\n",
      "v[9,4] = 1.0\n",
      "v[9,5] = 1.0\n",
      "v[9,6] = 1.0\n",
      "v[9,7] = -0.0\n",
      "v[9,8] = 1.0\n",
      "v[9,9] = 0.0\n",
      "v[9,10] = 1.0\n",
      "v[9,11] = -0.0\n",
      "v[10,0] = 1.0\n",
      "v[10,1] = 0.0\n",
      "v[10,2] = 1.0\n",
      "v[10,3] = -0.0\n",
      "v[10,4] = 1.0\n",
      "v[10,5] = -0.0\n",
      "v[10,6] = -0.0\n",
      "v[10,7] = -0.0\n",
      "v[10,8] = -0.0\n",
      "v[10,9] = -0.0\n",
      "v[10,10] = 0.0\n",
      "v[10,11] = 0.0\n",
      "v[11,0] = 1.0\n",
      "v[11,1] = 1.0\n",
      "v[11,2] = 1.0\n",
      "v[11,3] = 1.0\n",
      "v[11,4] = 1.0\n",
      "v[11,5] = 1.0\n",
      "v[11,6] = 1.0\n",
      "v[11,7] = -0.0\n",
      "v[11,8] = 1.0\n",
      "v[11,9] = 1.0\n",
      "v[11,10] = 1.0\n",
      "v[11,11] = 0.0\n",
      "objective value = 1.0159349276112482\n"
     ]
    }
   ],
   "source": [
    "model.optimize()\n",
    "\n",
    "for var in model.getVars():\n",
